629.286
629.464
629.642
629.819
629.997
630.175
630.353
630.531
630.709
630.886
631.064
631.242
631.419
631.597
631.775
631.952
632.13
632.307
632.485
632.662
632.839
633.017
633.194
633.371
633.548
633.726
633.903
634.08
634.257
634.434
634.611
634.788
634.965
635.142
635.319
635.496
635.673
635.85
636.026
636.203
636.38
636.556
636.733
636.91
637.086
637.263
637.439
637.616
637.792
637.969
638.145
638.321
638.498
638.674
638.85
639.026
639.202
639.379
639.555
639.731
639.907
640.083
640.259
640.435
640.611
640.786
640.962
641.138
641.314
641.49
641.665
641.841
642.017
642.192
642.368
642.543
642.719
642.894
643.07
643.245
643.421
643.596
643.771
643.946
644.122
644.297
644.472
644.647
644.822
644.997
645.172
645.347
645.522
645.697
645.872
646.047
646.222
646.397
646.572
646.746
646.921
647.096
647.27
647.445
647.619
647.794
647.969
648.143
648.317
648.492
648.666
648.841
649.015
649.189
649.363
649.538
649.712
649.886
650.06
650.234
650.408
650.582
650.756
650.93
651.104
651.278
651.452
651.625
651.799
651.973
652.147
652.32
652.494
652.668
652.841
653.015
653.188
653.362
653.535
653.709
653.882
654.055
654.229
654.402
654.575
654.748
654.921
655.095
655.268
655.441
655.614
655.787
655.96
656.133
656.306
656.478
656.651
656.824
656.997
657.17
657.342
657.515
657.688
657.86
658.033
658.205
658.378
658.55
658.723
658.895
659.068
659.24
659.412
659.584
659.757
659.929
660.101
660.273
660.445
660.617
660.789
660.961
661.133
661.305
661.477
661.649
661.821
661.993
662.165
662.336
662.508
662.68
662.851
663.023
663.194
663.366
663.538
663.709
663.88
664.052
664.223
664.395
664.566
664.737
664.908
665.08
665.251
665.422
665.593
665.764
665.935
666.106
666.277
666.448
666.619
666.79
666.961
667.131
667.302
667.473
667.644
667.814
667.985
668.156
668.326
668.497
668.667
668.838
669.008
669.179
669.349
669.519
669.69
669.86
670.03
670.2
670.37
670.541
670.711
670.881
671.051
671.221
671.391
671.561
671.731
671.9
672.07
672.24
672.41
672.58
672.749
672.919
673.089
673.258
673.428
673.597
673.767
673.936
674.106
674.275
674.445
674.614
674.783
674.953
675.122
675.291
675.46
675.629
675.798
675.967
676.136
676.305
676.474
676.643
676.812
676.981
677.15
677.319
677.488
677.656
677.825
677.994
678.162
678.331
678.5
678.668
678.837
679.005
679.173
679.342
679.51
679.679
679.847
680.015
680.183
680.352
680.52
680.688
680.856
681.024
681.192
681.36
681.528
681.696
681.864
682.032
682.2
682.368
682.535
682.703
682.871
683.038
683.206
683.374
683.541
683.709
683.876
684.044
684.211
684.379
684.546
684.713
684.881
685.048
685.215
685.382
685.549
685.717
685.884
686.051
686.218
686.385
686.552
686.719
686.886
687.053
687.219
687.386
687.553
687.72
687.886
688.053
688.22
688.386
688.553
688.719
688.886
689.052
689.219
689.385
689.552
689.718
689.884
690.051
690.217
690.383
690.549
690.715
690.881
691.047
691.213
691.379
691.545
691.711
691.877
692.043
692.209
692.375
692.541
692.706
692.872
693.038
693.203
693.369
693.535
693.7
693.866
694.031
694.196
694.362
694.527
694.693
694.858
695.023
695.188
695.354
695.519
695.684
695.849
696.014
696.179
696.344
696.509
696.674
696.839
697.004
697.169
697.333
697.498
697.663
697.828
697.992
698.157
698.322
698.486
698.651
698.815
698.98
699.144
699.309
699.473
699.637
699.802
699.966
700.13
700.294
700.458
700.623
700.787
700.951
701.115
701.279
701.443
701.607
701.771
701.934
702.098
702.262
702.426
702.59
702.753
702.917
703.081
703.244
703.408
703.571
703.735
703.898
704.062
704.225
704.389
704.552
704.715
704.878
705.042
705.205
705.368
705.531
705.694
705.857
706.02
706.183
706.346
706.509
706.672
706.835
706.998
707.161
707.323
707.486
707.649
707.812
707.974
708.137
708.299
708.462
708.624
708.787
708.949
709.112
709.274
709.436
709.599
709.761
709.923
710.085
710.248
710.41
710.572
710.734
710.896
711.058
711.22
711.382
711.544
711.706
711.867
712.029
712.191
712.353
712.514
712.676
712.838
712.999
713.161
713.323
713.484
713.645
713.807
713.968
714.13
714.291
714.452
714.614
714.775
714.936
715.097
715.258
715.419
715.58
715.742
715.903
716.063
716.224
716.385
716.546
716.707
716.868
717.029
717.189
717.35
717.511
717.671
717.832
717.993
718.153
718.314
718.474
718.634
718.795
718.955
719.116
719.276
719.436
719.596
719.757
719.917
720.077
720.237
720.397
720.557
720.717
720.877
721.037
721.197
721.357
721.517
721.676
721.836
721.996
722.156
722.315
722.475
722.634
722.794
722.954
723.113
723.273
723.432
723.591
723.751
723.91
724.069
724.229
724.388
724.547
724.706
724.865
725.024
725.184
725.343
725.502
725.661
725.819
725.978
726.137
726.296
726.455
726.614
726.772
726.931
727.09
727.248
727.407
727.566
727.724
727.883
728.041
728.199
728.358
728.516
728.675
728.833
728.991
729.149
729.308
729.466
729.624
729.782
729.94
730.098
730.256
730.414
730.572
730.73
730.888
731.046
731.203
731.361
731.519
731.676
731.834
731.992
732.149
732.307
732.464
732.622
732.779
732.937
733.094
733.252
733.409
733.566
733.724
733.881
734.038
734.195
734.352
734.509
734.666
734.823
734.98
735.137
735.294
735.451
735.608
735.765
735.922
736.078
736.235
736.392
736.549
736.705
736.862
737.018
737.175
737.331
737.488
737.644
737.801
737.957
738.113
738.27
738.426
738.582
738.738
738.895
739.051
739.207
739.363
739.519
739.675
739.831
739.987
740.143
740.298
740.454
740.61
740.766
740.922
741.077
741.233
741.389
741.544
741.7
741.855
742.011
742.166
742.322
742.477
742.632
742.788
742.943
743.098
743.253
743.409
743.564
743.719
743.874
744.029
744.184
744.339
744.494
744.649
744.804
744.959
745.114
745.268
745.423
745.578
745.733
745.887
746.042
746.196
746.351
746.506
746.66
746.815
746.969
747.123
747.278
747.432
747.586
747.741
747.895
748.049
748.203
748.357
748.511
748.665
748.819
748.973
749.127
749.281
749.435
749.589
749.743
749.897
750.05
750.204
750.358
750.512
750.665
750.819
750.972
751.126
751.279
751.433
751.586
751.74
751.893
752.046
752.2
752.353
752.506
752.659
752.812
752.965
753.119
753.272
753.425
753.578
753.731
753.884
754.036
754.189
754.342
754.495
754.648
754.8
754.953
755.106
755.258
755.411
755.563
755.716
755.869
756.021
756.173
756.326
756.478
756.63
756.783
756.935
757.087
757.239
757.392
757.544
757.696
757.848
758
758.152
758.304
758.456
758.608
758.759
758.911
759.063
759.215
759.367
759.518
759.67
759.822
759.973
760.125
760.276
760.428
760.579
760.731
760.882
761.033
761.185
761.336
761.487
761.638
761.79
761.941
762.092
762.243
762.394
762.545
762.696
762.847
762.998
763.149
763.3
763.45
763.601
763.752
763.903
764.053
764.204
764.355
764.505
764.656
764.806
764.957
765.107
765.258
765.408
765.558
765.709
765.859
766.009
766.159
766.31
766.46
766.61
766.76
766.91
767.06
767.21
767.36
767.51
767.66
767.81
767.959
768.109
768.259
768.409
768.558
768.708
768.858
769.007
769.157
769.306
769.456
769.605
769.755
769.904
770.053
770.203
770.352
770.501
770.65
770.8
770.949
771.098
771.247
771.396
771.545
771.694
771.843
771.992
772.141
772.29
772.438
772.587
772.736
772.885
773.033
773.182
773.331
773.479
773.628
773.776
773.925
774.073
774.222
774.37
774.518
774.667
774.815
774.963
775.111
775.26
775.408
775.556
775.704
775.852
776
776.148
776.296
776.444
776.592
776.74
776.887
777.035
777.183
777.331
777.478
777.626
777.773
777.921
778.069
778.216
778.364
778.511
778.658
778.806
778.953
779.1
779.248
779.395
779.542
779.689
779.837
779.984
780.131
780.278
780.425
780.572
780.719
780.866
781.012
781.159
781.306
781.453
781.6
781.746
781.893
782.04
782.186
782.333
782.479
782.626
782.772
782.919
783.065
783.212
783.358
783.504
783.651
783.797
783.943
784.089
784.235
784.381
784.528
784.674
784.82
784.966
785.111
785.257
785.403
785.549
785.695
785.841
785.986
786.132
786.278
786.423
786.569
786.715
786.86
787.006
787.151
787.297
787.442
787.587
787.733
787.878
788.023
788.169
788.314
788.459
788.604
788.749
788.894
789.039
789.184
789.329
789.474
789.619
789.764
789.909
790.054
790.198
790.343
790.488
790.632
790.777
790.922
791.066
791.211
791.355
791.5
791.644
791.789
791.933
792.077
792.222
792.366
792.51
792.654
792.799
792.943
793.087
793.231
793.375
793.519
793.663
793.807
793.951
794.095
794.238
794.382
794.526
794.67
794.813
794.957
795.101
795.244
795.388
795.531
795.675
795.818
795.962
796.105
796.249
796.392
796.535
796.678
796.822
